  -8.4545186e-01   5.6372741e-01
  -2.6039316e+00  -1.7275697e+00
  -1.2240507e+00   6.6363653e-03
  -5.3249970e+00  -1.4933293e+00
  -8.2792693e-01  -6.1639389e-01
  -3.3045082e-01   1.0425871e+00
   2.4886649e+00  -1.9164015e+00
  -9.5773409e-01  -1.7073385e+00
   4.6206439e+00  -1.9636412e+00
   3.8893360e+00   2.2562493e+00
   4.0400809e+00   1.1634761e+00
   3.5842934e+00   2.5221063e+00
   4.7649573e+00   1.2948128e+00
  -7.8778603e+00  -3.3841618e+00
   2.1480925e+00  -8.1393624e-02
  -5.1475259e+00  -3.7535439e+00
   2.4432735e+00   1.7033023e+00
  -2.4458329e+00  -1.8266126e+00
  -7.2430959e+00  -2.3322163e+00
   3.2983291e-01   8.7719963e-01
  -4.6826239e+00  -4.5605769e+00
   8.5712216e-01  -2.0865423e-01
   3.4928557e+00   1.7204527e+00
  -1.5576422e+00  -2.6995685e+00
  -2.0992374e+00   1.6146961e+00
   1.7624986e+00  -5.9107929e-02
  -3.6457255e+00  -1.3305959e+00
   2.6672623e+00   8.5401107e-02
  -5.3700318e-01  -3.2899006e+00
  -1.0208529e+00  -3.7159404e+00
  -1.1582687e+00  -4.1678856e-01
  -6.2914670e+00  -1.5554044e+00
  -1.5459391e+00  -4.0837032e-01
   2.6525187e+00  -7.6292839e-01
  -2.8022618e+00  -3.9416584e+00
  -6.0057029e-01  -1.7574265e+00
   2.6466557e+00  -9.6061605e-01
  -5.3387555e+00  -3.0501947e+00
   3.9999954e+00   1.3409638e+00
   4.4173389e-01   2.6130313e+00
  -2.9316019e+00  -8.3768450e-01
   1.7790087e+00  -1.6075206e+00
   3.9970626e+00   3.1414695e+00
  -1.7500248e+00   2.0763176e+00
  -5.2045906e+00  -1.1728612e+00
  -2.4567458e+00   4.4866415e-02
   9.3865770e-01   2.6066455e-02
   3.0315491e+00   9.3261686e-01
   1.0252872e+00  -1.8241815e-01
   1.8677276e+00  -1.8290338e+00
   7.6224571e-01   3.3385663e-01
  -5.4594588e+00  -1.7438242e+00
   6.8016855e-01  -6.4050113e-01
  -2.0282875e+00  -1.8752568e+00
  -6.7932995e+00  -2.8105481e+00
   2.0880355e+00   1.1222401e+00
   4.2433089e+00   1.5850407e-01
   1.1667013e+00   5.8593269e-01
  -1.0337015e+00   1.0812054e+00
  -1.1692847e+00  -2.6607928e+00
  -4.0163768e+00  -1.8427753e+00
  -5.2570054e+00  -9.6352194e-01
  -1.5008442e-01  -1.2012812e+00
   2.5303014e-01   5.1863658e-01
  -1.1926377e+00   6.6456584e-01
  -4.9312451e+00  -3.5151299e+00
  -5.5856629e+00  -1.2213331e+00
  -3.3685430e-01  -1.8832925e+00
   2.0781969e+00  -2.5357947e-01
   7.0085492e-01   2.0850436e+00
   5.0950867e+00  -4.5843168e-01
   4.6244170e+00   2.2974790e+00
  -3.0391786e+00  -6.9681372e-01
   3.9246860e-01  -3.1655341e+00
  -1.7982918e+00  -1.5300828e+00
   1.3758504e+00  -9.0597888e-02
   2.2211326e+00  -3.7858768e-01
   2.2885067e+00  -1.5473518e-01
   2.3084602e+00  -4.3538425e+00
   1.8494411e+00   1.1285392e+00
   3.3830283e+00   3.8461513e+00
  -1.6596459e+00  -1.9582828e+00
   2.2049374e+00   4.2197871e-02
   2.1001175e-01   3.2579884e+00
   7.4786114e-01   4.3966489e-01
  -3.9371629e+00  -3.1149394e+00
  -2.1556516e+00   3.5490684e-01
  -2.3605720e-01   8.8724375e-01
   6.6774420e-01  -3.5191826e-01
   1.9999390e+00  -2.6708317e+00
  -2.0258184e+00  -2.1737919e-01
   3.7618618e+00   9.2772284e-01
   7.3314751e-01   3.0568533e-01
   2.0367760e+00   4.7873742e+00
  -2.3824229e+00   2.1071049e-01
   5.8149830e+00  -2.9438401e-01
  -2.3701297e+00  -4.4886732e+00
   9.6263244e-01   7.7929225e-01
  -1.2857174e+00  -3.0260059e-01
  -4.0168362e+00  -2.2456589e+00
  -2.6081794e+00   1.2978276e+00
  -3.3439184e+00   8.6547683e-01
   2.6210801e+00  -2.2746954e+00
  -2.7378649e+00  -2.1327980e+00
  -7.4726823e+00  -2.1541881e+00
  -2.8715100e+00  -1.9250430e+00
   2.6400571e+00  -5.5199685e-01
   3.3358329e+00   9.0767397e-02
   1.7884159e+00  -7.4368222e-01
   1.3120253e+00   4.9437483e-01
  -3.4531628e+00  -2.0728289e+00
  -6.7789180e+00   1.1043974e+00
  -9.9138755e-01  -1.9759839e+00
  -4.0896567e+00  -3.2057121e+00
  -4.4414533e+00  -2.2614922e+00
  -2.8311485e+00   5.6789852e-01
   2.3513851e+00   1.6841173e+00
  -2.0561427e+00  -9.7287549e-01
  -3.6692561e+00  -1.8798383e+00
  -1.5893588e-01  -2.2334585e+00
   3.5598808e+00  -7.5749437e-01
  -4.9575911e+00   1.3794921e+00
   8.4254187e-01  -1.2530229e+00
  -4.6131964e+00  -1.3456675e+00
  -2.7341970e+00  -3.3105805e+00
  -3.4178092e-01  -3.1795859e-01
   1.4925386e+00   3.2696641e-01
  -3.4338572e+00  -1.0768689e+00
   1.0519125e+00  -1.9087864e+00
   1.0406336e+00   9.9115825e-01
   1.6116467e-01  -2.3267511e+00
  -2.8463056e+00  -2.1317741e+00
  -3.4676110e+00  -6.4554895e-01
  -9.4090516e+00  -3.5915596e+00
   1.8985577e+00  -1.9593904e+00
   3.5416685e+00  -1.4801056e+00
  -9.4588653e-01  -2.2939738e+00
   3.9607314e+00  -4.8344111e-01
   3.3838667e+00   2.3818906e+00
  -8.6091065e-02  -1.3443088e+00
  -1.0884180e+00   6.8315693e-02
  -3.3018460e+00  -3.0415540e-01
   1.5677032e+00   1.4190320e+00
  -4.5830042e+00   4.5363559e-01
   2.0768109e+00   1.0826945e+00
  -4.9810376e+00  -1.7446134e+00
  -5.2102692e+00  -5.7540071e+00
  -9.3940557e-02  -4.0766321e+00
  -8.0359355e-01  -9.5388456e-01
  -1.4061844e+00  -9.8570660e-01
   1.9877880e+00  -1.4999609e+00
   4.1509616e-01   2.2583873e+00
   8.7583535e-01  -1.1448226e+00
  -3.5986815e+00  -6.8634636e-01
  -1.8827825e+00  -2.8783720e+00
  -3.7540200e+00  -1.7329783e+00
  -7.2465628e-01   3.4011114e+00
  -8.9981283e-01  -1.9138442e+00
  -2.5110676e+00  -5.6101347e+00
  -3.4872512e+00   4.5574920e-01
  -3.4088243e+00  -1.6899233e+00
  -2.6347967e+00  -2.6338161e+00
  -2.7662164e+00  -1.7541033e+00
  -5.0877137e+00  -3.6525655e-01
  -3.0732606e+00  -1.2011520e+00
   7.9252470e-01   6.7890562e-01
   7.0257424e-01  -1.2945330e-01
  -2.4871653e+00  -2.7020317e+00
  -4.4069989e+00  -2.5701121e+00
   1.6826994e+00  -3.4567990e-01
   1.6494692e+00   2.9274919e-01
   2.7006129e+00  -4.0232957e+00
  -8.2524774e+00  -2.9600543e+00
  -8.2558781e-01   1.1625336e-01
  -2.6900954e+00  -3.8674181e+00
  -3.2002291e-01  -1.7687690e+00
  -3.0262739e+00  -4.1776847e+00
  -1.0846045e+00  -4.4555053e-02
  -1.7469992e-01  -9.8168816e-01
   8.2492030e-01  -3.6991897e+00
   3.4483879e-02   1.1514810e+00
   1.5082485e+00   2.3138320e-01
   3.9134434e+00   3.5278691e+00
  -1.3997857e+00  -3.4263165e+00
  -8.2212710e-01   4.2848344e-01
  -5.2323595e+00  -3.0539161e+00
  -1.1974224e+00  -4.0621595e-01
  -5.8531363e-01  -1.6408529e+00
  -2.7328471e-01  -4.0410354e+00
  -9.7537169e-01   6.0709001e-01
  -3.0791945e+00  -2.3336931e+00
  -1.5520869e+00  -1.5944467e+00
  -2.1694964e+00  -3.6660354e+00
   5.6356470e+00   1.0003588e+00
  -2.1797306e+00  -3.4819234e+00
   2.7541252e+00  -3.6753413e-01
   1.9626101e+00  -3.8859753e-01
  -2.8928325e+00  -1.3301567e+00
  -2.3120520e+00  -3.2511366e+00
   5.8168211e-01  -3.9567005e+00
  -3.9268538e+00  -3.3078233e+00
  -1.3404044e+00  -1.4501024e+00
  -1.3442424e+00  -1.9264267e+00
  -2.2844906e+00  -4.1416668e-03
  -2.2365834e+00   3.0818682e-01
  -5.8271620e+00  -2.6746576e+00
   3.9367896e+00   6.6635914e-01
   1.9266824e+00   1.5773688e+00
   4.2304651e+00   5.6212688e-01
  -3.0107219e+00   8.1449872e-01
   2.8308674e+00   1.4431772e-01
   2.8332308e+00  -3.5039479e-02
  -2.0145185e+00  -2.0700122e+00
  -3.4165102e+00  -4.4741436e+00
  -1.6233100e+00  -1.8487353e+00
  -4.5105378e-01   2.6474870e+00
  -1.8306881e+00  -5.5452227e-01
   3.0801228e+00   3.7992983e+00
  -1.0675866e+00  -3.5116947e+00
  -2.8306641e+00  -2.3372790e+00
   1.6620611e+00   1.9455510e+00
  -3.0897080e+00   1.0945057e+00
  -5.2502145e+00  -3.0178965e+00
   5.7776945e-01  -1.5233929e+00
  -2.4955540e+00   1.0328564e+00
   1.2035891e-01   6.4466579e-02
   4.5822569e-02   6.9910591e-01
   1.8992658e+00  -3.1214040e+00
   2.5275971e+00   7.1646930e-01
   4.0320280e+00  -2.0681132e-01
  -4.8547855e+00  -4.6205490e+00
  -1.6376889e+00  -1.0414104e-02
  -2.3605560e+00  -8.3186044e-01
   3.3585398e+00  -7.5151318e-02
  -4.8619818e+00  -4.4772085e-01
   1.2876075e+00   1.7144531e+00
   1.9402590e+00   1.5644807e+00
   2.6985496e+00  -2.2598581e+00
  -6.0406020e+00  -2.6656402e+00
