   -1.1003   -0.8602         0
   -0.7300   -0.5966         0
   -1.2380   -0.6128         0
   -0.3960    1.7523         0
   -1.0690    0.2111         0
   -0.3832    0.5891         0
   -0.7462   -0.7761         0
    0.4962    1.8427         0
   -0.9231   -0.0302         0
   -0.0050    1.0260         0
    0.1243    2.6492         0
   -0.4373    0.0587         0
   -0.5498    1.7667         0
   -0.7148    0.1848         0
    0.0371    0.4314         0
   -0.8730   -0.5083         0
   -0.3468    0.1900         0
   -0.1529    0.7881         0
   -1.2112    1.6279         0
   -0.1564    1.2988         0
   -0.7358   -0.4011         0
   -0.4708    0.4152         0
   -1.2239    0.9378         0
   -0.6273    0.4154         0
   -0.6981    0.0633         0
   -0.8706   -0.2499         0
   -1.2500    0.0823         0
   -1.3537   -0.3277         0
   -0.6599    0.2236         0
    0.0471    1.0537         0
   -0.1211    1.5584         0
   -0.0141    1.5681         0
   -0.2352    0.7733         0
   -1.0532    0.6348         0
   -0.2207    0.2799         0
   -0.4303   -0.8523         0
   -1.0459   -0.5205         0
   -1.0324    1.3878         0
   -0.0668    0.2119         0
   -0.2745    1.3254         0
   -0.2714    1.1157         0
   -0.6211   -0.0275         0
   -0.3289    0.9856         0
    0.3724    2.0112         0
   -0.2820    0.8511         0
   -0.0888    0.1743         0
   -0.2236    0.3792         0
   -0.5720    0.1532         0
    0.4555    1.5343         0
   -0.2514    0.5939         0
   -0.8602   -0.8688    2.0000
   -0.5966    0.6990    2.0000
   -0.6128   -0.5526    2.0000
    1.7523    0.0498    2.0000
    0.2111   -0.2902    2.0000
    0.5891   -0.7858    2.0000
   -0.7761    1.5549    2.0000
    1.8427   -0.4081    2.0000
   -0.0302    0.7214    2.0000
    1.0260   -1.9150    2.0000
    2.6492   -0.6916    2.0000
    0.0587    0.4268    2.0000
    1.7667   -0.4129    2.0000
    0.1848    1.1635    2.0000
    0.4314    0.4427    2.0000
   -0.5083   -0.6748    2.0000
    0.1900   -0.2523    2.0000
    0.7881   -2.5482    2.0000
    1.6279    0.0024    2.0000
    1.2988    1.7118    2.0000
   -0.4011   -0.9044    2.0000
    0.4152    0.5693    2.0000
    0.9378   -0.3965    2.0000
    0.4154    0.4851    2.0000
    0.0633   -1.0108    2.0000
   -0.2499   -1.0000    2.0000
    0.0823    0.3178    2.0000
   -0.3277   -0.0653    2.0000
    0.2236    0.1926    2.0000
    1.0537   -0.5535    2.0000
    1.5584   -0.2458    2.0000
    1.5681   -2.6174    2.0000
    0.7733    0.1841    2.0000
    0.6348    0.2950    2.0000
    0.2799    0.8144    2.0000
   -0.8523   -0.8419    2.0000
   -0.5205   -1.0689    2.0000
    1.3878   -0.4208    2.0000
    0.2119   -0.0192    2.0000
    1.3254   -0.6702    2.0000
    1.1157   -0.6084    2.0000
   -0.0275   -0.6837    2.0000
    0.9856    0.6990    2.0000
    2.0112   -0.8618    2.0000
    0.8511   -1.0450    2.0000
    0.1743   -0.3815    2.0000
    0.3792    0.9023    2.0000
    0.1532   -0.2659    2.0000
    1.5343   -1.0130    2.0000
    0.5939    0.0222    2.0000
