3.398769609842255957e-01 4.989087542516736362e-01
9.147350175565491792e-01 1.317455532813061492e+00
4.074854688968743144e-01 5.821818001190441905e-01
-9.658233525787617291e-01 1.694575795658506356e+00
-8.562266676431875556e-01 1.814603631962367736e+00
-3.010843728816781639e-01 1.081818526323780727e+00
8.851011438251791263e-01 1.419576938187075310e+00
3.982013502439716301e-01 2.604250064222536354e-01
-9.988202859522568033e-01 1.691637713159102496e+00
4.630987719603265607e-01 6.584574778365165360e-01
8.487589829395574270e-01 1.291129182685161414e+00
-7.935368112237380922e-01 1.663105705345809593e+00
7.776969752956114368e-01 1.058363727351933958e+00
8.241984377200036738e-01 1.207808438776961868e+00
-8.641487645522586414e-01 1.696646510950962750e+00
8.642447825123165117e-01 1.220312565930651516e+00
3.350475538426614386e-01 5.112727121202262914e-01
9.085091707405688055e-01 1.507250551904369740e+00
-9.304076537265509872e-01 1.766150997428253433e+00
9.980395091276320629e-01 1.654652292040527328e+00
8.282666103971274563e-01 1.019302294595706204e+00
-3.502891557678767809e-01 1.202250256711496768e+00
-4.045141387642224862e-01 1.333599896794314343e+00
4.712133233727763826e-01 4.761783961409473687e-01
4.937516234016469108e-01 4.628205081950984012e-01
3.214739226017161444e-01 5.783357137832592088e-01
-8.323127288183053141e-01 1.765749240624005401e+00
3.763578574089473383e-01 5.420947977663923556e-01
-9.696077198042214462e-01 1.829865398844012336e+00
-4.067919884275191800e-01 1.348664105291917048e+00
8.135643794544294982e-01 9.662151055198845429e-01
-4.985778731618566439e-01 1.446321367489602716e+00
-4.961862571884152473e-01 1.375793206123374635e+00
-8.938706023127167555e-01 1.682865786406732234e+00
3.997147364689367932e-01 4.865198276409021805e-01
9.385872486455884012e-01 1.587892485521628316e+00
-4.368934116387899191e-01 1.430532474611796667e+00
9.102753146751754176e-01 1.459497400739926620e+00
-3.490488652392865765e-01 1.034035869036400213e+00
9.513626343323199341e-01 1.633810001479862439e+00
-4.737130786469859189e-01 1.266178780953564509e+00
8.338991104296420431e-01 1.080919513107571284e+00
2.945202473764512163e-01 7.205645576627881521e-01
-7.888059669200240265e-01 1.713730380074396376e+00
2.612155706151938483e-01 5.071080145384545546e-01
-4.561473865644158354e-01 1.337758907252390550e+00
3.440631135743407176e-01 6.396569500887838711e-01
3.094235521560125823e-01 6.306650804001187050e-01
3.386989029143249175e-01 4.959174869581687295e-01
8.281600744689358029e-01 1.178510247095606811e+00
