   4.5492692e+00   3.5100817e+00
   3.3360089e+00   3.0572190e+00
   5.8326731e+00   1.9292188e+00
   3.9917510e+00   6.4590851e+00
   4.3224485e+00   2.7917517e+00
   2.3532740e+00   3.2148636e+00
   5.8771237e+00   5.9826290e+00
   6.5785715e+00   6.1122384e+00
   6.3564330e+00   4.8466745e+00
   6.0380848e+00  -5.5625466e-01
   1.6839142e+00   3.7891684e+00
   6.8175987e+00   3.5616608e+00
   1.0705464e+00   4.2298637e+00
   3.4380115e+00   2.3886500e+00
   4.4370384e+00   4.8760459e+00
   3.5318525e+00   2.8708087e+00
   5.9784353e+00   3.0760605e+00
   7.1349053e-01   5.0221072e+00
   9.8497097e-01   4.1844027e+00
   1.2731694e+00   1.0249491e+00
   1.5949720e+00   4.0419421e+00
   4.1493383e+00   3.3496508e+00
   5.3473895e+00   1.9282411e+00
   5.3211402e+00   2.8035298e+00
   1.3733272e+00   4.0317670e+00
   2.3686169e+00   3.9830498e+00
   4.9755727e-01   6.0164585e+00
   8.8842647e-01   9.6643411e-01
   5.5662623e+00   1.9178040e+00
   8.2764810e+00   3.9254571e+00
   2.1513614e+00   6.2890271e+00
   4.6691166e+00   2.0516542e+00
   1.4866156e+00   4.1107137e+00
   4.5847588e+00   5.6413907e+00
   6.0914958e+00   1.4116511e+00
   4.6745145e+00   5.1136147e+00
   2.5057182e+00   5.6142931e+00
   1.5463774e+00   3.6888135e+00
   3.2943818e+00   5.7787761e+00
   4.2577767e+00   5.8043273e+00
   6.1775783e+00   4.2734700e+00
   3.9875878e+00   5.1423273e+00
   3.3932456e+00   4.0514482e+00
   2.9260204e+00   5.7709066e+00
  -3.9572225e-01   4.9382835e+00
   6.0571438e+00   2.6218950e+00
   8.9461354e+00   4.4396425e+00
   2.1821499e+00   5.8502092e+00
   3.1098756e+00   3.4220983e+00
   2.9379680e+00   4.2462228e+00
   3.0313337e+00   5.9247663e+00
   3.3382241e+00   5.2105538e+00
   1.4852199e+00   4.6282708e+00
   1.3129848e+00   6.0887378e+00
   1.5945531e+00   4.2208396e+00
   4.5875707e+00   4.4146989e+00
  -2.1600400e-02   3.1209276e+00
   6.2213486e+00   6.0029280e+00
   7.6680284e+00   3.1359255e+00
   4.4316032e+00   3.4802243e+00
   3.5218536e+00   1.2127896e+00
   5.3776478e+00   3.7697060e+00
   3.4712836e+00   3.3318955e+00
  -1.9705242e-01   4.1187111e+00
   2.5590378e+00   5.1096122e+00
   1.3487839e+00   6.1693849e+00
   6.3982658e+00   3.6213158e+00
   5.3001745e+00   2.2462567e+00
   4.8494547e+00   6.2471844e+00
   3.4317589e+00   6.6665831e+00
   1.3694613e-01   5.7380169e+00
   6.2459760e+00   5.9415788e+00
   3.0924933e+00   1.4109189e+00
   7.5114435e+00   9.1801770e-01
   5.9444656e+00   2.5868176e+00
   4.8005503e+00   4.1808133e+00
   4.0377779e+00   4.6425475e+00
   4.5190295e+00   5.6406098e+00
   2.7915211e+00   4.9786832e+00
   4.6277904e+00   6.6598308e+00
   2.7695193e+00   4.8334654e+00
   3.1256568e+00   4.7798154e+00
   5.6767573e+00   5.5379591e+00
   2.7703469e+00   5.2643511e+00
   2.3911635e+00   2.9641421e+00
   7.1413417e+00   5.3455530e+00
   8.7709164e+00   2.4219438e+00
   6.9472784e+00   4.5979928e+00
   2.9070888e+00   5.7642084e+00
   5.8582607e+00   4.6314645e+00
   4.3507496e+00   3.1041033e+00
   7.3690617e+00   6.2140635e+00
   1.3046527e+00   3.0950601e+00
   3.8516694e+00   2.9113879e+00
   9.1098251e-01   2.9444975e+00
   3.8024419e+00   4.1566298e+00
   2.1329524e+00   5.1597651e+00
   7.6530785e+00   4.2091268e+00
   5.4531646e+00   1.4558155e+00
   5.1715246e+00   4.2087609e+00
   3.8704025e+00   1.5529354e+00
   3.6850259e+00   3.0505136e+00
   3.9313895e+00   4.1812409e+00
   1.0649941e+00   4.6633739e+00
   3.1552916e+00   4.8546119e+00
   2.8306570e+00   4.3526139e+00
   3.1485309e+00   4.7616807e+00
   5.4768145e+00   4.4688187e+00
   4.6233493e+00   3.7980678e+00
   3.3915427e+00   6.6645988e+00
   5.3622820e+00   4.4077356e+00
   4.1695937e+00   3.0724008e+00
   5.8065487e+00   3.8171004e+00
   7.3046547e+00   3.6397326e+00
   7.3059293e+00   4.1844065e+00
   5.3535805e+00   4.0648685e+00
   4.0357318e+00   4.7912314e+00
   6.3920097e+00   5.6592335e+00
   1.8318347e+00   2.7456274e+00
  -1.0470536e+00   3.5627804e+00
   2.9577159e+00   5.0687610e+00
   4.5125169e+00   1.7173080e+00
   2.9178312e+00   4.6512379e+00
   2.0786211e+00   2.9870417e+00
   6.4368236e+00   6.8376930e+00
   3.0112947e+00   4.9323051e+00
   3.5555993e+00   3.3747519e+00
   6.0501101e+00   5.0206719e+00
   5.4987787e+00   3.8332048e+00
   3.0990713e+00   3.7457891e+00
   4.8153665e+00   8.4798843e+00
   8.2946022e+00   4.8268809e+00
   3.7491000e+00   3.9617948e+00
   3.4461983e+00   2.4899501e+00
   2.0097563e+00   5.1613430e+00
   2.4542584e+00   1.9332854e+00
   3.9021792e+00   3.8027231e+00
   1.8722435e+00   1.8960097e+00
   5.7903384e+00   5.1697145e+00
   6.4122020e+00   5.5708250e+00
   6.4779387e+00   5.2988088e+00
   5.2460412e+00   2.6786499e+00
   6.3041500e+00   4.9716731e+00
   3.7330975e+00   5.2722311e+00
   2.0591046e+00   2.1649941e+00
   2.9689509e+00   3.7773168e+00
  -2.2148232e+00   3.6079270e+00
   5.3111750e+00   6.3406687e+00
   1.2788827e+00   5.0468715e+00
   1.6267930e+00   3.1704580e+00
   8.2036444e+00   9.1868632e-01
   3.8888381e+00   5.3448703e+00
   5.2960998e+00   8.1002712e-01
   2.9421188e+00   2.8800172e+00
   3.1392539e+00   4.1408702e+00
   3.4646699e+00   5.4766164e+00
   1.6636401e+00   3.0894469e+00
   5.6764405e+00   3.9823442e+00
   6.8820332e+00   3.6443233e+00
   8.8818462e+00   3.1696587e+00
   2.4436003e+00   3.0774085e+00
   9.5291828e+00   3.9939908e+00
   4.0794441e+00   4.9087655e+00
   4.8941413e+00   5.1656551e+00
   4.5523978e+00   5.9313636e+00
   4.6020912e+00   6.1822099e+00
   4.2993398e+00   5.5957581e+00
   5.4310768e+00   4.7607094e+00
   5.6144398e+00   3.9392191e+00
   5.8639320e+00   4.5895958e+00
   5.9658846e+00   1.0544768e+00
   1.6748488e+00   8.1034524e+00
   4.4203808e+00   6.0314746e-01
   3.1526226e+00   3.7297735e+00
   7.0112574e+00   1.1992968e+00
   5.9969802e+00   6.5022137e+00
   1.7788818e+00   2.0332279e+00
   2.5082583e+00   5.2286808e+00
   3.5220930e+00   5.0176257e+00
   3.6961827e+00   3.4523041e+00
   4.6191563e+00   6.2136295e+00
   3.7244975e+00   5.6609537e+00
   3.7566576e+00   3.1507878e+00
   4.5904506e+00   4.4411163e+00
   1.5065995e+00   4.4551880e+00
   1.5419891e+00   2.1145694e+00
   4.2790233e-01   4.0389862e+00
   6.1309328e+00   2.0448584e-01
   3.7321040e+00   4.6248364e+00
   4.8405110e+00   4.4956672e+00
   7.1267103e+00   5.3644037e+00
   5.0101056e+00   3.8639141e+00
   6.1461007e+00   7.5882123e+00
   4.9271167e+00   3.7310134e+00
   4.4755746e+00   4.1898594e+00
  -8.2490269e-01   1.0713516e+00
   1.1375152e-01   2.5164112e+00
   3.9420338e+00   3.6814910e+00
   3.0824534e+00   6.1912152e+00
   3.5152757e+00   2.1324745e+00
   9.4883571e-02   3.3212576e+00
   4.2067495e+00   3.1653375e-02
   6.5264417e+00   3.8851849e+00
   1.9077923e+00   1.9292820e+00
   8.6998327e-01   1.8128941e+00
   6.8429598e+00   6.0793086e+00
   5.4399200e+00   5.1232527e+00
   1.1087770e+00   5.1378472e-01
  -1.1056015e+00   7.6684657e+00
   4.6429005e+00   7.0424847e+00
   3.2384863e+00   5.3583789e+00
   3.8121747e+00   2.3220638e+00
   2.0545596e+00   1.3136057e+00
   3.1719861e+00   5.2588193e+00
   7.7740562e+00   2.7846928e+00
   2.9157307e+00   5.4544666e+00
   5.1438699e+00   3.3823842e+00
   5.0641985e+00   6.6215720e+00
   6.6523218e+00   5.4533442e+00
   2.7709556e+00   5.3468851e+00
   5.4726533e+00   2.3015165e+00
   7.1060277e+00   1.2467111e+00
   4.2665671e+00   5.1785481e+00
   1.0572423e+01   4.7883864e+00
   7.3600465e+00   3.7605211e+00
   5.3867235e+00   7.1641475e+00
   4.7102556e+00   5.0970034e+00
   2.5585591e+00   4.3928339e+00
   6.1412559e+00   5.0183569e+00
   4.1787050e+00   3.2802341e+00
   3.8994129e+00   4.9251510e+00
   1.9361264e+00   4.3756790e+00
   8.1307131e-01   1.5097392e+00
   3.5749191e+00   3.0784061e+00
   4.1724896e+00   3.4771878e+00
   2.4238799e+00   7.9838403e+00
   2.2324021e+00   4.4789789e+00
   2.0060481e+00   2.7917313e+00
   3.7743432e+00   2.6173244e+00
   4.2179454e+00   5.0399572e+00
   1.0670576e+00   2.1543474e+00
   4.8308762e+00   3.4232341e+00
   2.5665175e+00   4.5589770e+00
   5.8693848e+00   6.4670515e+00
   4.4890204e+00   4.5578447e+00
   4.3124791e+00   6.8973843e+00
   1.0299676e+00   5.2327709e+00
   4.8833109e+00   1.8029179e+00
   4.6828545e+00   2.4942925e+00
   5.1614213e+00   5.2616431e+00
   3.1628122e+00   3.6318226e+00
   3.8832548e+00   3.4768907e+00
   3.1450886e+00   5.9354214e+00
   6.8998780e+00   4.6372184e+00
   5.1371646e+00   3.9264918e+00
   2.4751605e+00   3.7622702e+00
   5.4921289e+00   5.9519491e+00
   4.0218579e+00   1.3038198e+00
   3.8578067e+00   6.0524870e+00
   5.4869476e+00   2.9456769e+00
   4.4010772e+00   5.6663047e+00
   1.6354520e+00   5.1258825e+00
   5.3075289e+00   4.2432522e+00
   2.5624549e+00   1.2002266e+00
   2.3774816e+00   4.3813777e+00
   7.5133809e+00   3.4389327e+00
   4.3760103e+00   7.2171834e+00
   2.8172273e+00   2.8015530e+00
   6.5556116e+00   6.4024509e-01
   6.5326382e+00   1.8168392e+00
   2.9744163e+00   4.0343860e+00
   5.6858356e+00   5.8274381e+00
   4.6637056e+00   2.7295372e+00
   6.2097594e+00   2.1724304e+00
   2.5451188e+00   3.4571621e+00
   5.0862603e+00   5.1856668e+00
   2.3321338e+00   3.4268207e+00
   4.6131618e+00   3.3240204e+00
   4.4855023e+00   5.0943895e+00
   5.8762679e+00   2.9889095e+00
   2.2245190e+00   6.2455161e+00
  -1.3312398e-01   2.7422789e+00
   1.6916428e+00   5.1265320e+00
   4.6916653e+00   5.5637896e+00
   1.0093519e+01   2.6989341e+00
   5.3565330e+00   1.2791024e+00
   6.0000564e+00   4.3713294e+00
   7.3915675e+00   5.5443406e+00
   6.3107968e+00   6.6157411e+00
   5.2771843e+00   3.8111652e+00
   2.3592747e+00   5.0232590e+00
   4.6749972e+00   3.0302972e+00
   5.2367701e+00   2.0785492e+00
   3.1781386e+00   1.0485700e+00
   5.3945279e+00   3.2251081e+00
   3.6482678e-01   4.7511092e+00
   2.3932190e+00   3.7752501e+00
   7.0823144e+00   3.8113992e+00
   5.8629392e+00  -1.7478879e-01
   6.6169559e+00   3.5888585e+00
   3.5015078e+00   6.4190897e+00
   3.1953800e+00   1.4244927e+00
   5.4907733e+00   6.1590714e+00
   3.7287493e+00   4.0214017e+00
   1.8494805e+00   3.0421560e+00
   2.1272784e+00   4.2447896e+00
   6.1786353e+00   1.7920095e+00
   5.6418815e+00   6.5745053e+00
   7.0036817e+00   5.1101458e+00
   4.1325408e+00   2.8083757e+00
   7.4656888e-01   3.5656181e+00
   2.4995910e+00   7.7447059e+00
   5.0564510e+00   3.2473898e+00
   3.5340484e+00   5.3656723e+00
   4.6757395e+00   4.3638297e+00
   2.1377457e+00   3.4439755e+00
   5.7618417e+00   4.0209372e+00
   1.0628777e+00   4.5389998e+00
   3.1957353e+00   5.0385393e+00
   4.4281325e+00   3.9385451e+00
   1.4619195e+00   1.7205475e+00
   6.3546521e+00   1.5528517e+00
   3.6716130e+00   4.2585452e+00
   4.2336321e+00   3.1114888e+00
   4.6955190e+00   7.1188363e+00
   2.6533705e+00   2.9334924e+00
   4.3594378e+00   4.8044813e+00
   4.0688818e+00   5.3834718e+00
   7.1280807e+00   2.6077053e+00
   4.1087599e+00   3.4980826e+00
   3.9860617e+00   4.4117203e+00
   7.1783905e+00   5.4771166e+00
   2.0391065e+00   5.1354945e+00
   5.4793794e+00   7.2266068e+00
   1.8668698e+00   7.8282079e+00
   1.4597880e+00   6.9817649e+00
   3.2695573e+00   2.6531468e+00
   2.5332322e+00   2.2324404e+00
   6.1256228e-01   3.5772532e-01
   3.9074050e+00   1.0133558e+00
   4.7703454e+00   2.8920711e+00
   7.1350335e+00   5.1536843e+00
   3.8754630e+00   3.9542715e+00
   3.1953073e+00   4.7179537e+00
   1.5111249e+00   4.7218292e+00
   5.0690452e+00   4.7640353e+00
   6.4277724e+00   3.4021301e+00
   1.1111863e+00   3.7801617e+00
   2.2952917e+00   6.0683897e+00
   4.5354782e+00   2.2324939e+00
   4.1446393e+00   4.0193116e+00
   5.0054432e+00   4.3148289e+00
   2.3245726e+00   4.2861338e+00
   5.4076288e+00   3.1481043e+00
   2.1834541e+00   3.3883199e+00
   4.6135200e+00   3.1427475e+00
   2.7126740e+00   3.3549998e+00
   6.7154753e+00   3.9105328e+00
   7.2139425e+00   4.8895629e+00
   7.3009609e+00   6.0700367e+00
   4.0592694e+00   5.2312397e+00
   2.6952967e+00   4.3907830e+00
   3.7426375e+00   3.6044738e+00
   3.1002388e+00   5.9149927e+00
   6.4309281e+00   1.9523172e+00
   1.4242677e+00   2.2027240e+00
   7.9762100e+00   7.8468415e+00
   3.2680059e+00   1.8364430e+00
   6.0627499e+00   5.2439024e+00
   4.8244760e+00   1.9533820e+00
   2.6123849e+00   5.8404009e+00
   2.4432492e+00   2.4569761e+00
   4.3430880e+00   5.5898863e+00
   4.4062096e+00   1.0439820e+00
   2.9962796e+00   5.3105987e+00
   3.6431710e+00   6.3659107e+00
   4.6343310e+00   3.4276130e+00
   5.6843975e+00   3.6698073e+00
   2.3480231e+00   4.0435137e+00
   5.4335392e+00   4.1055727e+00
   3.1773199e+00   4.6922849e+00
   3.6080134e+00   4.3739609e+00
   3.4531082e+00   4.5665946e+00
   3.4658359e+00   5.9905007e+00
   2.4270544e+00   5.0113365e+00
   7.1941532e+00   3.6945433e+00
   8.5883010e+00   6.7862862e+00
   6.7574710e+00   5.1095003e+00
   3.2926566e+00   5.9728991e+00
   6.6713582e+00   4.5262641e+00
   4.9359169e+00   3.5504416e+00
   4.8606426e+00   4.9912468e+00
   5.4283281e+00   5.0249397e+00
   4.9296909e+00   6.4156057e+00
  -3.6318440e-01   5.4577512e+00
   4.0395205e+00   1.5945531e+00
   5.5395421e+00   2.8300330e+00
   1.6015471e+00   3.9743462e+00
   2.7276799e+00   4.4594257e+00
   5.2276871e+00   5.1032444e+00
   6.7077479e+00   5.8427573e+00
   1.0003137e+00   3.2646311e+00
   5.7833018e+00   3.1646591e+00
   2.9770512e+00   4.4659675e+00
   4.7381435e+00   6.0645658e+00
   5.4734418e+00   3.6433650e+00
   5.8310494e+00   2.0307717e+00
   3.8000090e+00   1.5076958e+00
   5.3552113e+00   5.0099981e+00
   3.3738596e+00   4.0542889e+00
  -6.2884575e-02   5.7569528e+00
   5.4930753e+00   3.0079667e+00
   5.1816522e+00   4.0245057e+00
   4.9224689e+00   2.0082587e+00
   2.4148716e+00   5.4073629e+00
   4.4294752e+00   3.7799677e+00
   4.8074368e+00   2.7772131e+00
   4.4654068e+00   5.5443515e+00
   3.5651084e+00   5.0170086e+00
   2.7324908e+00   6.2166579e+00
   7.4815368e+00   3.7788278e+00
   6.9918438e+00   5.1505179e+00
   1.9304490e+00   5.7134368e+00
   4.7914600e+00   1.3451616e+00
   4.1903920e+00   4.5002607e+00
   5.5086891e+00   6.0310859e+00
   4.4766042e+00   4.3045602e+00
   2.4798940e+00   4.3758732e+00
   5.8485431e+00   5.1747263e+00
   8.2157839e-01   2.3428962e+00
   6.2077713e+00   2.8478551e+00
   4.0624115e+00   4.4905232e+00
   2.9115837e+00   2.2327774e+00
   3.6483978e+00   1.7439853e+00
   2.7226376e+00   4.8434168e+00
   4.3163880e+00   6.2438363e+00
   4.0626860e+00   3.3402707e+00
   4.4955021e+00   4.1352509e+00
   3.4963884e+00   1.6990012e+00
   2.3036044e+00   7.0000561e+00
   5.4187797e+00   5.1528868e+00
   2.6606918e+00   2.8159926e+00
   7.0909972e-01   3.7311117e+00
   5.8015043e+00   4.5724994e+00
   4.2607872e+00   2.2136679e+00
   7.4242923e+00   2.0596714e+00
   8.0793389e+00   2.9650855e+00
   6.3541558e+00   2.5337612e+00
   1.5499905e+00   6.3362061e+00
   5.0575204e+00   6.4799050e+00
   4.4108494e+00   4.4090796e+00
   8.4884177e+00   3.1737111e+00
   1.5915885e+00   3.2149193e+00
   3.3696624e+00   3.3344781e+00
   1.2004100e+00   3.0070853e+00
   5.3831680e+00   7.5656634e+00
   1.8236502e+00   6.6789201e+00
   4.9966030e+00   3.4814519e+00
   2.4585346e+00   7.5715653e+00
   2.2376062e+00   6.0537299e+00
   4.2089741e+00   5.2595174e+00
   2.7579826e+00   5.1702595e+00
   2.3050682e+00   2.9856861e+00
   4.5927340e+00   4.3003859e+00
   8.4900810e+00   3.7208472e+00
   4.6166554e+00   7.4721801e+00
   3.6218064e+00   6.2607352e+00
   3.9452147e+00   2.0058571e+00
   4.1117895e+00   7.4002362e+00
   5.2957617e+00   4.4651961e+00
   4.5177973e+00   2.4748621e+00
   4.6899113e+00   2.2613891e-01
   8.9189006e+00   3.7830633e+00
   7.4585421e+00   4.8347715e+00
   1.2777478e+00   5.2409422e+00
   3.5889950e+00   3.2466502e+00
   1.5428918e+00   4.0251025e+00
   1.6373046e+00   4.8150053e-01
   4.2243475e+00   7.4026544e+00
   3.5747000e+00   2.0974322e+00
   2.3439108e+00   7.2182252e+00
   4.5850361e+00   4.8591757e+00
  -7.3470962e-01   2.3282701e+00
   6.0007082e+00   5.8524446e+00
   2.1947381e+00   5.0290301e+00
   2.5020106e+00   5.8812044e+00
   6.5406128e+00   4.2006460e+00
   3.4328792e-01   4.2003906e+00
   3.4153334e+00   4.5268683e+00
   3.1698391e+00   2.7440825e+00
   2.2592025e+00   2.8054598e+00
   7.0412092e+00   1.8093417e+00
   2.5591893e+00   2.9052694e+00
   6.5317884e+00   4.5700343e+00
   6.0365327e+00   5.1847834e+00
   4.7544620e+00   3.6332118e+00
   4.5514210e+00   4.9435753e+00
   6.0209144e+00   2.1628265e+00
   4.6123441e+00   5.0789121e+00
   5.2127949e+00   2.9606104e+00
   4.6252592e+00   4.5703570e+00
   2.1248783e+00   2.7035420e+00
   6.4209112e+00   3.9249639e+00
   3.6838201e+00   3.2144897e+00
   5.7191196e+00   3.1693518e+00
   3.8691498e+00   3.3427231e+00
   1.5236676e+00   3.8874338e+00
   2.1528149e+00   4.5462096e+00
   4.0292734e+00   5.4305234e+00
   4.2051192e+00   1.9742710e+00
   1.1652576e+00   3.2006272e-01
   1.9945263e+00   4.6690036e-02
   2.8272991e+00   6.4141193e+00
   3.3125912e+00   5.0860094e+00
  -1.1154266e-01   9.5163624e-01
   7.4975140e+00   3.7750948e+00
   1.5283595e+00   3.3983549e+00
   4.6145004e+00   4.8108232e+00
  -4.0337894e-01  -1.1970453e+00
   3.9212190e+00   2.6875982e+00
   3.7871824e+00   4.3282037e+00
   2.0917529e+00   4.7043362e+00
   5.9766503e+00   2.8264017e+00
   4.1368441e+00   4.6578104e+00
   5.8999845e+00   4.0557795e+00
   4.0454111e+00   4.6387572e+00
   3.8293305e+00   5.3815554e+00
   2.5843565e+00   5.4818079e+00
   4.9652693e+00   3.6096758e+00
   3.4482354e+00   4.5062428e+00
   2.2980981e+00   4.9675590e+00
   4.8622768e+00   3.1744464e+00
   3.4310608e+00   1.0037442e+00
   3.9436881e+00   6.2001332e+00
   4.6387966e+00   1.4326581e+00
   5.2504665e+00   6.0577879e+00
   2.4467534e+00   4.0025270e+00
   7.3140357e+00   2.0892478e+00
   1.1536081e+00   1.2959542e+00
   3.1797930e+00   2.6596791e+00
   3.3969302e+00   3.4359936e+00
   4.9546369e+00   5.9018784e+00
   2.5854040e-01   4.2398206e+00
   4.1396156e+00   4.6634317e+00
   7.0710326e+00   3.5687527e+00
   3.4140036e+00   4.2840430e+00
  -5.3730112e-01   3.2087571e+00
   6.8434116e+00   2.1496346e-01
   1.3895507e+00   4.7779643e+00
   2.6391425e+00   4.8255021e+00
   7.0779298e+00   2.7618371e+00
   3.4482157e+00   2.2667062e+00
   2.3844736e+00   5.9601637e+00
   1.8678756e+00   4.5810628e+00
   4.9696827e+00   4.5990558e-01
   7.1444695e-02   5.2900278e+00
   2.1946088e+00   4.7364518e+00
   4.7588226e+00   3.6377983e+00
   5.4784523e+00   2.9470196e+00
   3.8198013e+00   2.3972078e+00
   2.4428732e+00   2.3636505e+00
   5.5204943e+00   6.3305814e+00
   3.3939818e+00   3.2514536e+00
   5.1793932e+00   2.7957403e+00
   2.1208754e+00   4.1275968e+00
   4.2020634e+00   1.1481402e+00
   2.0057515e+00   3.4501314e+00
   2.1946969e+00   4.6405326e+00
   6.4701445e+00   3.2899862e+00
   9.4250810e-01   6.4607225e+00
   2.2064075e+00   1.4815843e+00
   3.1582096e+00   3.1722398e+00
   2.5054394e+00   4.2259599e+00
   9.0145984e+00   3.7999797e+00
   4.3907966e+00   3.2052089e+00
   3.0575457e+00   8.4100775e+00
   5.3395305e-01   5.9848307e+00
   3.9977818e+00   7.0624814e+00
   4.8806092e+00   3.8839923e+00
   1.0080072e+01   5.5042277e+00
   5.2953162e+00   3.9663315e+00
   7.3025958e+00   5.7536274e+00
   3.5573964e+00   5.2200509e+00
   4.8296719e+00   3.9398786e+00
   3.0703470e-01   3.4144136e+00
   4.9483401e+00   3.6471229e+00
   5.2973570e+00   3.4110789e+00
   1.5948460e+00   5.0336955e+00
   1.1003738e+00   3.8009089e+00
   7.8859604e+00   5.1656146e+00
   6.9426937e+00   2.7944088e+00
   3.4320470e+00   3.4011129e+00
   3.5140971e+00   1.0080971e+00
   1.1600974e+00   5.2703745e+00
   2.9549192e+00   2.5638446e+00
   4.1239279e+00   5.1012490e+00
   2.3012359e+00   4.8471040e+00
   2.0261903e+00   2.8624588e-01
   2.5273454e+00   3.7655908e+00
   1.9872134e+00  -7.7705801e-01
   5.6173058e+00   7.2450082e+00
   7.7781225e+00   5.5770486e+00
   3.9813593e+00   4.6709130e+00
   6.3954263e+00   2.8354294e-01
   6.1512399e+00   3.3055764e+00
   4.7265710e+00   7.7613281e+00
   7.3436368e+00   6.2486848e+00
   2.9553780e+00   3.7397002e+00
   6.0289535e-01   4.3776556e+00
   5.7896260e+00   5.8104019e+00
   4.5864789e+00   4.3256086e+00
   2.8250057e+00   3.6104361e+00
  -8.6893435e-02   2.5306444e+00
   5.9054627e-01   5.9431300e+00
   7.6550254e+00   4.5040072e+00
   2.3499019e+00   3.5048519e+00
   7.9610781e+00   2.2590747e+00
   4.4138018e+00   3.3376052e+00
   3.4168132e+00   2.2003071e+00
   6.4630635e+00   5.3643234e+00
   2.4298428e+00   4.6676296e+00
   2.4746763e+00   6.7145664e+00
   3.9673921e+00   2.5460165e+00
   6.4926659e+00   3.4047054e+00
   5.8352660e+00   4.2845807e+00
   1.0995600e+00   4.4347917e+00
   3.3916673e+00   4.7126944e+00
   2.6012260e+00   2.7577889e+00
   3.9068603e+00   2.2461113e+00
   2.9784938e+00   4.5412394e+00
   6.8251066e-01   5.6837146e+00
   3.8640536e+00   1.4261776e+00
   2.1446210e+00   5.4651288e+00
   5.3651398e+00   3.7977654e+00
   6.2699525e+00   1.6014199e+00
   5.2693859e+00   1.5215629e+00
   4.4341613e+00   2.8000423e+00
   4.5067628e+00   4.8708784e+00
   6.3762619e+00   5.4552469e+00
   4.1088652e+00   3.5711895e+00
   6.2600938e+00   4.9404359e+00
   2.1523107e+00   3.6475070e+00
   2.4436573e+00   3.9548365e+00
   2.6668469e+00   3.7429234e+00
   2.6149726e+00   3.1085132e+00
   7.5986282e+00   3.9053857e+00
   4.7974295e+00   4.3887963e+00
   6.8329346e+00   3.6857517e+00
   4.6282829e+00   4.0670524e+00
   6.2613846e+00   3.3120705e+00
   3.7428814e+00   4.5171797e+00
   4.0058840e+00   2.1800198e+00
   2.5221405e+00   4.1247672e+00
   3.3775565e+00   8.0730670e-01
   5.9744158e+00   2.6392771e+00
   1.2138957e+00   1.8063977e+00
   3.1130628e+00   1.3097011e+00
   1.7856416e+00   2.5786194e+00
   4.4842970e+00   5.4866259e+00
   1.0606230e+00   3.3317267e+00
   4.0077024e+00   2.7752615e+00
   5.9222934e+00   5.1846721e+00
   2.0807411e+00   3.3204644e+00
   4.2375950e+00   1.9058648e+00
   3.8014752e+00   2.4823866e+00
   5.6603750e+00   3.5119330e+00
   1.9532781e+00   5.4979670e+00
   5.5553940e+00   3.3835047e+00
   6.1675941e+00   2.5763612e+00
   6.7448981e+00   1.5568972e+00
   1.8127881e+00   7.0069381e+00
   2.1129270e+00   5.4640764e+00
   1.6966114e+00   1.2510665e+00
   2.8405472e+00   2.3712789e+00
   3.8394456e+00   1.3685033e+00
   4.6434139e+00   1.0203262e+00
   3.7293534e+00   3.3245193e+00
   4.6472498e+00   4.3224795e+00
   1.7678367e+00   6.3141757e+00
   3.4317560e+00   4.5317946e+00
   8.1527560e+00   2.2257422e+00
   3.6919930e+00   6.0071472e+00
   4.2685095e+00   4.8756291e+00
   1.4353426e+00   3.4489962e+00
   6.0760020e+00   4.3539036e+00
   1.7412834e+00   3.3219387e+00
  -1.5790835e+00   4.6927408e+00
   4.7913609e+00   1.9098660e+00
   7.6524642e-01   2.9728143e+00
   4.7701370e+00   4.3050671e+00
   2.8487898e+00   3.2023898e+00
   4.4448280e+00   5.3064682e+00
   5.7334852e+00   3.0096558e+00
   3.7311811e+00   5.5646330e+00
   4.6652255e+00   1.8931398e+00
   4.2999508e+00   1.3280904e+00
   4.9092621e+00   2.0574140e+00
   3.8787213e+00   4.6407367e+00
   7.5425012e+00   4.7519274e-01
   3.6966188e+00   4.2850440e+00
   4.9421045e+00   3.5581736e+00
  -4.1358969e+00   3.2918576e+00
   5.5345270e-02   2.3846463e+00
   3.8135176e+00   2.3759030e+00
   1.0187243e-02   2.7865719e+00
   5.2325084e+00   2.2777921e+00
   5.3461685e+00   3.7205162e+00
   2.9149425e+00   4.9443399e+00
   6.0155313e+00   2.9345470e+00
   1.1384260e+00   5.5629743e+00
   4.5055688e+00   4.3955246e+00
   8.6783779e+00   6.0568566e+00
   2.4793022e+00   6.1294908e+00
   3.7599082e+00   3.5554915e+00
   5.6647416e+00   4.1668293e+00
   7.8398217e+00   6.0330814e+00
   4.0488191e+00   2.6893257e+00
   5.7535459e+00   3.4802604e-01
   2.4699450e+00   3.0535500e+00
   3.3194622e+00   5.6665598e+00
   5.3349581e+00   6.8113332e+00
   9.4587563e-01   1.6138167e+00
   3.2057290e+00   6.8511637e+00
   3.9358222e+00   6.2230589e+00
   3.0614362e+00   6.9929295e+00
   4.3457350e+00   1.7782739e+00
   2.0968500e+00   3.9032487e+00
   3.5608789e+00   1.7132062e+00
   5.1481544e+00   4.4563023e+00
   3.3530901e+00   3.0589630e+00
   1.8730719e+00   4.5121970e+00
   2.9821991e+00   4.3893937e+00
   4.4195969e+00   3.9901013e+00
   3.2584630e+00   4.1208547e+00
   2.9053175e+00   5.4513046e+00
   3.5572517e-01   3.9713407e+00
   6.0457849e+00   2.2224814e+00
   2.7052730e+00   3.3688811e+00
   2.1759834e+00   5.3052432e+00
   1.7719445e-01   4.1986544e+00
   3.5182776e+00   5.6829525e+00
   2.4367445e+00   3.1452295e+00
   3.0046786e+00   5.6265079e+00
   4.2246211e+00   2.7549298e+00
   4.8181312e+00   6.4585801e-02
   5.9209476e+00   5.1794060e+00
   3.2529491e+00   3.0240055e+00
   6.9913315e+00   5.0990110e+00
   2.8337296e+00   5.2441848e+00
   2.2234182e+00   6.2139431e+00
   3.0725393e+00   4.1213977e+00
   3.8897488e+00   2.9995388e+00
   2.5417590e+00   3.7364224e+00
   6.0471178e+00   1.6666123e+00
   5.7443029e+00   5.3241587e+00
   2.4204408e+00   5.4525297e+00
   4.3956490e+00   2.7580389e+00
   4.6057180e+00   9.8037276e-02
   4.4955921e+00   1.9603769e+00
   5.6564162e-01   9.3970804e-01
   2.0020522e+00   1.8881187e+00
