   1.3824642e+00   3.0700917e+00
   1.8509166e+00   7.1679751e-01
  -5.5622125e-01  -3.6823569e-01
   3.1053893e-01   3.0233863e-01
  -2.2129596e-01  -4.7604963e-02
   5.8236317e-01   3.2144090e+00
  -2.3075091e-01   5.7222812e-02
   2.1169226e+00   3.2754264e+00
  -4.3229182e-02  -3.7732497e-01
   5.2826550e-01   1.3233708e+00
   3.1512625e-01   6.0427425e-01
   2.2114723e+00   3.6978151e+00
   2.0185791e+00   8.2029401e-01
   2.0612007e-01   2.2065778e+00
   1.5050745e+00   3.7347921e+00
   1.4704626e+00   1.7511746e+00
  -7.1663475e-02  -8.9075624e-03
   1.3048723e+00   3.6407075e+00
   1.1051804e+00   8.3865789e-01
   2.3080976e-01   5.6467070e-01
   7.9506186e-01   6.6176112e-01
   1.7647912e+00   1.0408599e+00
   1.0570350e+00   3.7276952e+00
   1.0619832e+00   3.6464989e+00
   2.4979979e+00   9.0819442e-01
   9.7947451e-01   3.6275979e+00
   1.9913323e+00   1.1247182e+00
   1.3680328e-01   2.5190225e-01
  -2.4076790e-01   1.7318522e-01
  -4.8429794e-01   3.1308696e-01
   1.4354829e+00   3.7549959e+00
   2.2458953e+00   1.0400467e+00
   7.7614706e-01   8.9713662e-01
   2.0689827e+00   3.0742109e-01
   3.9489330e-02   2.0882985e+00
  -5.8107883e-01  -3.4811857e-01
  -9.1712022e-02   1.1512185e-01
   1.8307328e+00   8.7864430e-01
   1.8265222e+00   1.3573787e+00
   2.4637040e+00   4.9038246e-01
   1.6953976e+00   5.4037369e-01
   1.7645005e+00   4.5550431e-01
   1.3558273e+00   3.2731917e+00
   1.9860389e+00   1.5144210e+00
   1.5530596e+00   3.2925355e+00
   5.5644588e-01   8.2671008e-01
   1.6421711e+00   3.3550847e+00
  -6.1122390e-02   5.0673222e-03
   8.5575858e-02   1.9729918e+00
   2.0853633e+00   6.5418250e-01
   1.1668731e+00   3.5302080e+00
   1.5794440e+00   3.4273002e+00
   1.2722243e+00   3.4705963e+00
  -1.5484277e-01   3.5386683e-01
  -1.4252579e-01   5.3578583e-01
  -4.6509013e-01   2.1755245e-01
   1.0859869e+00   8.7212675e-01
   2.1784724e+00   6.1320551e-01
   2.0711536e+00   8.7965892e-01
   1.9485230e+00   3.5701414e+00
   1.1293538e-02   1.5445036e-01
   4.0034079e-01   3.2722304e-01
   1.4372095e+00   3.3528633e+00
   1.5679533e+00   1.2568858e+00
   1.4349254e+00   3.6147621e+00
   1.0399157e+00   1.0467674e+00
   2.0197774e+00   3.7969886e+00
   1.8672115e+00   1.1208839e+00
   1.9288989e+00   1.0912623e+00
  -4.1264778e-01   2.2416044e-01
   1.7801639e+00   6.3916616e-01
   1.9548089e+00   9.0202080e-01
  -1.6683985e+00  -2.8055544e-01
   1.6430957e+00   9.5060446e-01
   1.3945565e+00   3.7861972e+00
   2.1301660e+00   1.0534956e+00
  -4.2230001e-01   4.8321733e-01
   1.6894885e+00   4.2928276e+00
   4.9272469e-01   8.7288810e-01
   3.0258033e-01   8.3273213e-01
   2.1771010e+00   3.5243799e+00
   5.7670414e-02   6.7843654e-01
   2.4670098e+00   1.5552667e+00
   1.7075071e+00   1.6512693e+00
   8.8934720e-01   5.6448781e-02
   1.2608508e+00   7.9953951e-01
   6.2785825e-01   7.5727209e-01
   2.2292380e+00   9.7901401e-01
   7.5377595e-02   7.0291410e-01
  -6.0550865e-01   3.7877457e-01
   1.3120468e+00   3.3685290e+00
   1.5875073e+00   3.1841409e+00
  -2.2904989e-01   7.4457763e-01
   2.5586674e+00   1.0408132e+00
   9.8081885e-01   1.4372788e+00
  -2.6878873e-01   3.1601307e-01
   2.7918728e+00   5.1986139e-01
  -8.4457513e-02   5.7171004e-01
   1.6063426e+00   4.1536372e+00
  -3.4455375e-01   2.9297831e-01
  -3.0702932e-02   2.1450834e+00
   5.6894892e-01   1.0984683e+00
   1.0242752e+00   3.7925326e+00
  -6.6627570e-01  -1.6663755e-01
   1.7471067e-01   8.6343447e-01
   1.7310924e+00   1.0180345e+00
   2.0802231e+00   3.2792259e+00
   1.5750029e+00   8.6854466e-01
   2.4216238e+00   1.0332637e+00
   5.7723243e-01   8.5211781e-01
   3.6988209e-01   5.3845988e-01
   2.0142864e+00   3.5100756e+00
  -1.3714350e-01   3.2482804e-01
   1.9094868e+00   3.2727685e+00
   8.9802218e-01   1.2005358e+00
   2.1046187e+00   6.2917437e-01
   2.4512612e+00   1.0641156e+00
   1.7991844e+00   5.9814993e-01
  -2.5764868e-02   1.8345200e+00
  -1.9945828e-01   3.2707142e-01
  -2.5923388e-03   2.4712605e-01
   1.5264378e+00   3.0866528e+00
   1.8362520e+00   7.5692095e-01
   1.6995525e+00   1.4844487e+00
  -6.3974297e-02   6.7283621e-01
   1.7775234e-02   1.8870745e+00
   8.2318795e-01   1.9103293e-01
   7.0821205e-01   6.1536513e-01
   2.2234404e+00   8.4576666e-01
   1.6294081e+00   3.4270360e+00
  -1.0290563e+00  -1.3134652e-01
   2.1941351e+00   1.5362552e+00
  -1.3355473e-01   6.4814368e-01
   1.4916312e+00   1.0937112e+00
   1.0599455e+00   5.7176488e-01
   1.9286962e+00   1.2804241e+00
   2.0792794e+00   4.0056566e+00
   1.7982529e+00   1.1194070e+00
   2.2367486e+00   7.8276345e-01
   9.0759359e-01   4.0756928e+00
   2.2140125e+00   9.0934034e-01
  -9.7418776e-01   1.1129465e-01
   9.8104718e-01   4.1862150e+00
   7.1040741e-01   3.3115522e+00
   1.6339463e-01   4.8366141e-01
  -1.1420347e+00  -5.2981384e-02
   1.4642120e-01   7.4087284e-01
   6.1709972e-01   4.9559501e-01
   1.2954098e+00   3.9861753e+00
  -8.7617268e-01  -5.1988752e-01
  -1.5092411e-01   1.9578812e+00
   1.4416253e+00   1.0073520e+00
   1.0076190e+00   4.0902883e+00
  -9.8619768e-02   7.3303648e-01
   1.2380274e+00   3.4148771e+00
  -2.9745990e-01   7.9910072e-01
   6.5017099e-01   8.4431911e-01
   2.0369097e+00   1.0318821e+00
   2.3608535e+00   1.3248279e+00
  -7.5718380e-01   2.5649989e-01
   3.6900609e-01   7.7149488e-01
  -4.4437501e-01   6.8870524e-02
   1.9821991e+00   5.0799500e-01
  -3.5754606e-01  -4.0498932e-01
  -6.4918631e-01   7.9226419e-02
   4.2871290e-02   4.4134546e-01
   1.2766514e+00   3.8791025e+00
  -4.1983882e-01   5.5049837e-01
   2.0316428e+00   3.5701373e+00
   2.2025795e+00   9.6556735e-01
   1.6451381e+00   3.7477853e+00
   1.6048383e+00   1.0229271e+00
   8.0218906e-02  -1.6893497e-01
   3.8969747e-01   1.1255012e+00
   9.0056775e-01   3.4324036e+00
   1.2882240e+00   1.1176250e+00
  -1.7025728e-02  -3.3284199e-02
   1.9435311e+00   1.4547499e+00
   1.6514702e+00   3.7222051e+00
  -1.2541388e-01   1.9553766e+00
   8.0490434e-01   2.6418106e+00
   1.8065467e+00   9.1246844e-01
  -1.3982126e+00  -3.1322449e-01
   7.1581234e-02   1.9951401e+00
  -2.7646103e-01   4.5029719e-01
   1.7607042e+00   6.5482319e-01
   2.1711380e+00   3.6192343e+00
   1.1122414e+00   3.7942987e+00
   4.7689882e-01   1.0185550e+00
   1.6910472e+00   2.3139412e+00
   1.9655009e+00   4.2340999e-01
   6.1568583e-01   1.1158291e+00
   2.0146410e+00   1.1480690e+00
   1.4027521e+00   3.9230028e+00
  -3.1897451e-01   2.2298605e+00
   2.0384619e+00   1.2942091e+00
   9.2351077e-01   1.0739849e+00
   6.4817044e-01   9.0343573e-01
   1.7423521e+00   1.0567387e+00
   1.3117429e+00   4.2420674e+00
  -7.1004129e-02   1.9180995e+00
   2.1949282e+00   5.1684089e-01
   1.9592862e+00   1.1540475e+00
  -4.3869391e-01   4.9696732e-01
   1.3023537e+00   3.5485522e+00
  -1.4477860e+00  -1.2116592e+00
  -1.2079833e-01   4.5671979e-01
  -5.6147092e-02   2.0846527e+00
   2.0096695e+00   1.3656948e+00
   3.5928165e-01   4.9841186e-01
  -1.5978001e-01   1.9146222e+00
   1.3605610e+00   3.0042278e+00
   3.1735732e-01   5.5442623e-01
  -1.2625157e+00  -2.1284781e-01
   2.4600223e+00   1.0831444e+00
   1.1927704e-02   7.7376234e-01
   1.7781913e+00   1.0264191e+00
  -1.3819272e+00  -2.6728256e-01
   2.0243984e+00   1.1252503e+00
   1.5938672e+00   7.6992684e-01
  -2.9081809e-02   5.4778027e-01
   1.8726713e+00   9.8499046e-01
   1.9497596e+00   2.2127581e+00
   8.0210101e-01   3.3103558e+00
   1.8494955e+00   1.4077384e+00
  -4.3698455e-01   3.1602040e-01
   1.9486655e+00   1.0596384e+00
   4.3993222e-01  -3.3772885e-02
  -2.3061748e-01   2.4704427e-01
   1.8031904e+00   1.8367989e+00
   1.5627210e+00   3.4701826e+00
   1.2727472e-01   7.0228659e-01
   9.1363804e-01   1.2779953e+00
   4.7980386e-01   1.2235147e+00
   1.9863108e+00   8.8078087e-01
  -7.9987469e-01  -1.5421872e-01
  -2.1321964e-01   4.6438353e-01
   1.7119335e+00   3.3036296e+00
   3.9252880e-02   6.7657973e-01
  -1.2004430e-01   6.0046167e-01
  -4.7519124e-01   3.6122214e-01
   1.6842506e+00   9.1817177e-01
  -9.9668113e-02   2.2515578e+00
   1.6980552e+00   1.6188746e+00
   1.4679191e+00   1.2973666e+00
  -7.5836422e-01  -2.8808344e-01
   1.7851534e+00   8.4051149e-01
   2.1662335e-01   3.9759149e-02
   1.9575719e+00   6.4547078e-01
  -1.2437644e+00   3.5972721e-01
   2.0499236e+00   5.4817174e-01
   1.8840790e+00   1.3351412e+00
   2.2234411e+00   5.6121369e-01
   5.3091352e-01   1.2376838e+00
   8.1668957e-01   1.0229245e+00
   5.8465639e-01   5.3529462e-01
   1.6255141e+00   3.0027251e+00
   1.8998045e+00   3.8965754e+00
   2.2719689e+00   8.3587846e-01
   1.7557099e+00   6.7330644e-01
   7.0736777e-01   3.8338899e-01
   3.0069550e-01   8.8436760e-01
   2.1975317e+00   7.7016579e-01
   1.1425616e+00   7.6432529e-01
   1.7082019e+00   3.1450718e+00
   1.9055339e+00   1.0318744e+00
  -5.4066634e-01   9.2934102e-01
  -9.9972757e-02   2.0486399e+00
   1.9809349e+00   3.2805408e+00
   1.2326679e+00   1.4117683e+00
  -8.5363089e-02   2.0424964e+00
   2.2249221e+00   3.7357162e+00
   1.6190700e+00   9.4841212e-01
   9.9322266e-01   1.5822417e+00
   1.4328571e+00   3.2958604e+00
   2.1042043e+00   3.8710817e+00
   7.1763037e-01   3.0724310e+00
   1.6005161e+00   3.2455375e+00
   1.8856886e+00   4.0976095e+00
  -6.8227133e-01   5.9185416e-03
   1.9153043e+00   1.0899605e+00
   1.8711186e+00   1.0424798e+00
  -1.4161614e-01   1.7345685e+00
   1.9093207e+00   9.0029902e-01
   2.5005458e+00   9.7436496e-01
  -7.0555737e-01   1.3684179e-01
  -1.9754447e-01   1.8037800e+00
  -1.7974671e-01   3.4135464e-01
   6.4004006e-01   3.2829095e+00
   3.6134843e-01   8.1778430e-01
   2.3612561e+00   4.4904578e-01
   2.0582495e+00   3.5256801e+00
   1.0206522e+00   4.7674097e+00
   2.5697176e+00   5.6762350e-01
   7.4663076e-02   2.0549637e+00
   2.0243891e+00   7.3779158e-01
  -7.2533929e-02   2.0678981e+00
   4.2074980e-01   8.0549712e-01
   9.0071566e-01   6.0074508e-01
  -2.9955644e-01   5.5704816e-01
   1.4306894e-01   1.9979509e+00
   2.3563911e+00   6.7227845e-01
   4.2625479e-01   4.5991769e-01
  -2.4418302e-01   3.4104252e-02
   1.9846618e+00   1.2157546e+00
   2.1485250e+00   7.4189476e-01
  -3.6189241e-02   1.9598000e+00
  -2.5191396e-01   1.2063905e-01
   1.6601679e+00   1.2745146e+00
   1.7837245e+00   1.2213430e+00
   2.2769509e+00   1.0773284e+00
   1.0003977e+00   3.3716391e+00
   2.7857077e-01   2.0125490e+00
   1.6058825e+00   2.7200844e+00
   9.7187124e-01   3.2037560e+00
  -4.8613981e-01   2.8245209e-01
   1.7019465e-01   2.1143022e+00
   2.2618974e+00   1.2707778e+00
   9.0631973e-02   1.0764122e+00
   2.1121128e+00   1.0549152e+00
   2.0951590e+00   9.0251888e-01
   8.2637298e-01   3.7050039e+00
   1.5715494e+00   4.8572339e+00
   1.5600353e+00   4.1531053e+00
   7.4406100e-01   1.0462106e+00
   1.4931019e+00   1.1355346e+00
   6.3596081e-01   1.4934214e+00
  -3.4596313e-01   5.2483902e-01
   1.8180681e+00   3.7864930e+00
   3.8496298e-01   5.5205601e-01
   2.2815040e+00   3.4311556e+00
   1.9019896e+00   7.4997968e-01
  -1.0560676e+00  -3.8188525e-01
  -6.1187741e-03   4.8248733e-01
   1.9634976e+00   9.8367079e-01
   1.1990418e+00   3.3083461e+00
   2.5354741e+00   2.5815819e-01
   2.0724109e+00   1.2529961e+00
  -2.4752538e-01   4.1609074e-01
  -4.9770385e-01   4.2225773e-01
   1.9675731e+00   9.4379173e-01
   7.0923920e-01   3.7098589e+00
   1.6432506e+00   1.3082324e+00
   4.0266409e-01   3.9915946e-01
   1.7599982e+00   4.4782579e-01
  -7.4871376e-02   5.9478232e-01
   6.4234176e-01   1.0818557e+00
   1.9453426e+00   6.1369042e-01
   1.6634435e+00   3.3205656e+00
   3.2762887e-01   9.9224670e-01
   2.1311498e+00   9.3951793e-01
  -6.3279991e-01   9.0701123e-02
   2.0775313e+00   9.9739227e-01
  -9.2763356e-02   6.8212502e-02
  -1.7789769e-01   2.5025885e-01
   2.1861487e+00   9.0822027e-01
  -7.4319065e-02   1.8552673e+00
   2.0327060e+00   1.3913117e+00
   1.7841359e+00   6.8914946e-01
   2.1394193e+00   7.9104007e-01
   2.2691106e+00   9.5775599e-01
  -2.2882225e-01   4.2166165e-01
   2.2545414e-01   1.1152189e+00
   1.9658719e+00   1.2317460e+00
   1.2032390e+00   3.5465558e+00
   1.6602528e+00   1.0223352e+00
  -1.5697169e-01   1.9936614e+00
   1.4921736e+00   4.0688314e+00
   1.0921944e+00   2.8492098e+00
   1.8733072e+00   1.3495855e+00
   5.8029972e-01   5.5109853e-01
   1.6113062e+00   1.2614193e+00
   1.4440693e+00   3.5205841e+00
   7.5829075e-01   9.4475207e-01
   2.0923721e+00   1.1200733e+00
   2.3463437e-01   6.2967021e-01
  -5.4857423e-02   2.6609520e-01
   2.1343424e+00   1.0258075e+00
  -2.6958395e-01   2.6923213e-01
   3.2068871e-02   2.7131592e-01
   3.4686710e-01   6.6968117e-01
   1.7017077e+00   1.0592883e+00
   1.8864492e+00   3.8816998e+00
  -3.8413785e-01   2.4458383e-01
   1.7956175e+00   2.8120891e+00
   2.6512590e+00   1.1951384e+00
   1.2785505e+00   2.7814228e+00
   1.6029912e+00   1.3730033e+00
   2.0665457e+00   3.7157873e+00
   1.7587010e+00   9.9738907e-01
  -1.3199617e-01   1.7938847e-01
   1.8305709e+00   1.2268814e+00
  -3.5926163e-01   2.8529581e-01
  -4.2377009e-01  -2.6341865e-03
  -8.5373758e-01  -4.7218218e-01
   6.5241408e-01   8.9283197e-01
   9.1745283e-03   2.0417082e+00
   2.2087135e+00   1.5190641e+00
   2.0967941e+00   1.3974847e+00
   2.2330762e+00   9.7092984e-01
  -4.6894899e-01  -2.3282129e-01
   1.9370237e+00   8.3897429e-01
   2.1358168e+00   4.5816190e-01
   3.3486473e-01   4.1483344e+00
   1.8612857e+00   4.1415548e+00
   2.4861809e-01   6.5370689e-01
  -4.6890505e-01   4.6447481e-01
  -5.6654477e-01  -7.3993937e-03
  -7.2943007e-01   2.3852998e-01
   1.9079513e+00   5.8611854e-01
  -2.4704869e-01   1.5833682e-01
  -1.1114140e+00  -1.1489343e-01
   2.3073577e+00   9.5277778e-01
  -7.3448494e-01   4.5629064e-01
   2.0545269e+00   3.2044428e+00
   1.6640380e+00   9.2871864e-01
  -1.7857563e-01   7.4475494e-02
   2.0562887e+00   9.6996744e-01
   7.3731600e-01   1.3953524e+00
   1.2604276e+00   3.3141154e+00
   2.0709325e+00   1.1220131e+00
   2.1982775e+00   6.3168372e-01
  -6.8175874e-01   2.9641978e-01
   2.3540397e+00   1.0368390e+00
   1.9458932e-01   2.9940812e-01
   2.0740529e+00   3.4251846e+00
   1.9743710e+00   3.5365305e+00
   5.9483735e-01   1.1786758e+00
  -1.4588212e-01   6.0766788e-01
  -1.0480682e+00  -2.2666097e-01
   1.7695346e+00   7.2752503e-01
   1.9882127e+00   1.0367249e+00
   2.0463402e-01   1.9564319e+00
   2.4794308e+00   3.8168807e-01
   1.6294997e+00   4.0336067e+00
  -3.8572590e-01  -5.3504454e-01
   2.3013919e+00   7.9264558e-01
   1.9122290e+00   2.8850735e+00
   2.9291807e-01   6.6887474e-01
   8.6968822e-01   3.4256229e+00
   2.3380376e+00   9.6343181e-01
   1.9232062e+00   8.8527373e-01
   1.5604992e+00   3.4368018e+00
   2.1062072e+00   5.2627721e-01
   1.6108685e+00   1.0459102e+00
   9.1330931e-01   7.3668674e-01
   1.4330498e-01   5.8201943e-01
   1.8143144e+00   1.2075055e+00
   2.1838732e+00   3.1605437e+00
   1.4731165e-01   6.6574737e-01
  -6.6223468e-01  -4.9230427e-01
  -3.5896894e-01   5.3428610e-01
  -3.0254049e-03   3.7263698e-01
   1.3044194e+00   6.0277972e-01
   1.9382429e+00   3.7699978e+00
  -1.0118248e+00   1.8886451e-01
  -9.3455541e-01   3.5901499e-01
  -9.8325919e-01   3.9847235e-01
   2.0601967e+00   7.5205099e-01
   9.0751030e-01   6.7826606e-01
   4.3422690e-02   1.5819000e-01
   9.0373689e-02   2.1086351e-01
  -2.4713562e-01   4.8487516e-01
   2.1543169e+00   9.7356605e-01
   1.4635116e+00   3.0299920e+00
   1.6971069e+00   3.9956982e+00
   2.2466529e+00   1.1760508e+00
   1.1277478e+00   1.1441893e+00
  -6.6070761e-01  -5.5705896e-02
   1.4283545e+00   4.1004692e+00
  -3.3713534e-01  -3.3859362e-01
   2.3827033e+00   4.8323733e-01
   3.0193713e+00   1.2554937e+00
   9.3307932e-01   8.0845389e-01
   1.9792469e+00   5.2778964e-01
   2.0601177e+00   1.0394386e+00
  -5.6682471e-01  -3.0616392e-01
   1.9733916e-02   3.3587821e-01
   1.7756029e+00   5.8850658e-01
   4.7199784e-01   8.7574173e-01
   2.3980905e+00   7.8447555e-01
   1.9699955e+00   1.2069714e+00
   1.5044407e+00   3.2252258e+00
   1.5341376e+00   3.2493885e+00
   2.1670179e+00   6.3918630e-01
   2.2579142e+00   9.0207016e-01
   9.5499066e-02   2.0689034e+00
  -2.9995112e-01   5.1524480e-01
  -2.6641575e-01   3.2033234e-01
   1.8943151e+00   1.3367478e+00
   1.8492007e+00   3.5834905e+00
  -2.5108878e-01   2.7972601e-01
   1.4335360e+00   3.6559746e+00
   2.1584347e-01   4.1538055e-01
  -5.9340690e-02   1.5958239e+00
   1.3163809e+00   3.3704376e+00
  -3.8561838e-01  -5.7178560e-01
   1.4918958e+00   3.9907136e+00
  -1.8022775e-01   8.5894201e-02
  -4.1978166e-01   3.0785316e-01
